0.000	9.1044320	0.0667785
0.001	9.0453680	0.0683830
0.002	8.9868030	0.0700066
0.003	8.9290900	0.0716493
0.004	8.8722950	0.0733110
0.005	8.8161770	0.0749917
0.006	8.7608460	0.0766915
0.007	8.7061210	0.0784104
0.008	8.6520970	0.0801482
0.009	8.5989220	0.0819052
0.010	8.5463500	0.0836812
0.011	8.4944840	0.0854762
0.012	8.4431340	0.0872903
0.013	8.3925040	0.0891234
0.014	8.3424640	0.0909756
0.015	8.2928790	0.0928469
0.016	8.2439870	0.0947372
0.017	8.1955800	0.0966465
0.018	8.1478610	0.0985749
0.019	8.1006310	0.1005223
0.020	8.0540180	0.1024888
0.021	8.0078250	0.1044743
0.022	7.9622160	0.1064789
0.023	7.9170380	0.1085025
0.024	7.8724470	0.1105452
0.025	7.8282680	0.1126069
0.026	7.7846090	0.1146877
0.027	7.7414190	0.1167875
0.028	7.6986230	0.1189064
0.029	7.6563450	0.1210443
0.030	7.6144490	0.1232013
0.031	7.5730390	0.1253773
0.032	7.5319830	0.1275724
0.033	7.4913880	0.1297865
0.034	7.4512800	0.1320196
0.035	7.4114910	0.1342718
0.036	7.3720730	0.1365431
0.037	7.3329390	0.1388334
0.038	7.2941840	0.1411428
0.039	7.2559130	0.1434712
0.040	7.2179570	0.1458186
0.041	7.1803660	0.1481852
0.042	7.1431130	0.1505707
0.043	7.1062570	0.1529753
0.044	7.0696870	0.1553990
0.045	7.0333550	0.1578417
0.046	6.9974140	0.1603034
0.047	6.9618130	0.1627842
0.048	6.9264670	0.1652841
0.049	6.8915070	0.1678030
0.050	6.8569080	0.1703409
0.051	6.8225210	0.1728979
0.052	6.7884430	0.1754740
0.053	6.7546940	0.1780690
0.054	6.7211520	0.1806832
0.055	6.6879800	0.1833164
0.056	6.6549880	0.1859686
0.057	6.6221340	0.1886399
0.058	6.5896650	0.1913302
0.059	6.5573700	0.1940396
0.060	6.5254290	0.1967681
0.061	6.4937920	0.1995156
0.062	6.4622830	0.2022821
0.063	6.4311300	0.2050677
0.064	6.4001250	0.2078723
0.065	6.3694180	0.2106960
0.066	6.3389070	0.2135387
0.067	6.3086350	0.2164005
0.068	6.2786920	0.2192813
0.069	6.2488500	0.2221812
0.070	6.2193420	0.2251001
0.071	6.1899450	0.2280381
0.072	6.1609000	0.2309951
0.073	6.1318790	0.2339712
0.074	6.1032160	0.2369663
0.075	6.0746690	0.2399805
0.076	6.0463940	0.2430137
0.077	6.0181870	0.2460660
0.078	5.9903200	0.2491373
0.079	5.9625990	0.2522276
0.080	5.9351330	0.2553370
0.081	5.9077130	0.2584655
0.082	5.8806140	0.2616130
0.083	5.8536190	0.2647796
0.084	5.8268890	0.2679652
0.085	5.8001590	0.2711698
0.086	5.7737780	0.2743936
0.087	5.7474390	0.2776363
0.088	5.7214670	0.2808981
0.089	5.6954940	0.2841790
0.090	5.6697740	0.2874789
0.091	5.6442310	0.2907978
0.092	5.6189490	0.2941358
0.093	5.5938080	0.2974929
0.094	5.5686790	0.3008690
0.095	5.5437980	0.3042641
0.096	5.5189370	0.3076783
0.097	5.4943340	0.3111116
0.098	5.4697310	0.3145638
0.099	5.4452870	0.3180352
0.100	5.4210970	0.3215256
0.101	5.3970440	0.3250350
0.102	5.3732360	0.3285635
0.103	5.3494280	0.3321110
0.104	5.3258040	0.3356776
0.105	5.3023560	0.3392633
0.106	5.2790780	0.3428680
0.107	5.2560080	0.3464917
0.108	5.2329380	0.3501345
0.109	5.2099840	0.3537963
0.110	5.1871760	0.3574772
0.111	5.1644610	0.3611771
0.112	5.1419310	0.3648961
0.113	5.1194020	0.3686341
0.114	5.0969620	0.3723912
0.115	5.0748300	0.3761673
0.116	5.0527180	0.3799625
0.117	5.0309370	0.3837767
0.118	5.0091550	0.3876100
0.119	4.9873730	0.3914623
0.120	4.9658380	0.3953337
0.121	4.9443800	0.3992241
0.122	4.9231170	0.4031336
0.123	4.9020060	0.4070621
0.124	4.8808950	0.4110096
0.125	4.8598090	0.4149762
0.126	4.8389820	0.4189619
0.127	4.8181550	0.4229666
0.128	4.7975930	0.4269904
0.129	4.7770820	0.4310332
0.130	4.7565710	0.4350950
0.131	4.7361300	0.4391760
0.132	4.7159410	0.4432759
0.133	4.6957520	0.4473949
0.134	4.6757860	0.4515330
0.135	4.6558470	0.4556901
0.136	4.6359080	0.4598662
0.137	4.6160000	0.4640614
0.138	4.5963480	0.4682757
0.139	4.5766960	0.4725090
0.140	4.5572800	0.4767613
0.141	4.5379380	0.4810327
0.142	4.5185960	0.4853231
0.143	4.4992540	0.4896326
0.144	4.4801420	0.4939612
0.145	4.4610950	0.4983088
0.146	4.4421740	0.5026754
0.147	4.4234490	0.5070611
0.148	4.4047250	0.5114658
0.149	4.3860010	0.5158896
0.150	4.3673390	0.5203325
0.151	4.3489290	0.5247943
0.152	4.3305180	0.5292753
0.153	4.3123290	0.5337753
0.154	4.2942170	0.5382943
0.155	4.2761060	0.5428324
0.156	4.2579940	0.5473895
0.157	4.2399810	0.5519657
0.158	4.2221540	0.5565609
0.159	4.2043270	0.5611752
0.160	4.1867180	0.5658085
0.161	4.1691520	0.5704609
0.162	4.1515870	0.5751323
0.163	4.1340220	0.5798228
0.164	4.1165110	0.5845323
0.165	4.0991900	0.5892609
0.166	4.0818680	0.5940085
0.167	4.0647260	0.5987751
0.168	4.0476700	0.6035609
0.169	4.0306150	0.6083656
0.170	4.0135590	0.6131894
0.171	3.9965030	0.6180323
0.172	3.9796930	0.6228942
0.173	3.9629240	0.6277752
0.174	3.9462250	0.6326752
0.175	3.9297400	0.6375942
0.176	3.9132540	0.6425323
0.177	3.8967690	0.6474895
0.178	3.8802830	0.6524657
0.179	3.8638510	0.6574610
0.180	3.8476340	0.6624753
0.181	3.8314170	0.6675086
0.182	3.8153320	0.6725610
0.183	3.7993650	0.6776325
0.184	3.7833980	0.6827230
0.185	3.7674300	0.6878325
0.186	3.7514630	0.6929611
0.187	3.7355520	0.6981087
0.188	3.7198200	0.7032754
0.189	3.7040880	0.7084612
0.190	3.6884870	0.7136660
0.191	3.6730000	0.7188898
0.192	3.6575130	0.7241327
0.193	3.6420260	0.7293946
0.194	3.6265380	0.7346756
0.195	3.6110530	0.7399757
0.196	3.5958250	0.7452947
0.197	3.5805980	0.7506329
0.198	3.5654380	0.7559901
0.199	3.5504790	0.7613663
0.200	3.5355200	0.7667616
0.201	3.5205620	0.7721759
0.202	3.5056030	0.7776093
0.203	3.4906440	0.7830617
0.204	3.4758020	0.7885332
0.205	3.4610960	0.7940237
0.206	3.4463900	0.7995333
0.207	3.4318330	0.8050619
0.208	3.4173590	0.8106096
0.209	3.4028850	0.8161763
0.210	3.3884110	0.8217620
0.211	3.3739370	0.8273669
0.212	3.3594630	0.8329907
0.213	3.3451330	0.8386336
0.214	3.3309030	0.8442956
0.215	3.3166730	0.8499766
0.216	3.3026220	0.8556767
0.217	3.2886350	0.8613958
0.218	3.2746480	0.8671340
0.219	3.2606620	0.8728912
0.220	3.2466750	0.8786674
0.221	3.2326880	0.8844627
0.222	3.2187690	0.8902771
0.223	3.2049520	0.8961105
0.224	3.1911350	0.9019629
0.225	3.1774190	0.9078344
0.226	3.1638000	0.9137250
0.227	3.1501810	0.9196346
0.228	3.1365620	0.9255632
0.229	3.1229430	0.9315109
0.230	3.1093240	0.9374777
0.231	3.0957050	0.9434635
0.232	3.0823550	0.9494683
0.233	3.0690140	0.9554922
0.234	3.0556730	0.9615352
0.235	3.0425650	0.9675971
0.236	3.0294570	0.9736782
0.237	3.0163480	0.9797783
0.238	3.0032400	0.9858974
0.239	2.9901320	0.9920356
0.240	2.9770230	0.9981928
0.241	2.9639430	1.0043690
0.242	2.9510320	1.0105640
0.243	2.9381200	1.0167790
0.244	2.9252480	1.0230120
0.245	2.9125620	1.0292650
0.246	2.8998770	1.0355360
0.247	2.8871910	1.0418270
0.248	2.8745050	1.0481360
0.249	2.8618200	1.0544650
0.250	2.8491340	1.0608130
0.251	2.8364560	1.0671800
0.252	2.8240150	1.0735650
0.253	2.8115730	1.0799700
0.254	2.7991340	1.0863940
0.255	2.7869370	1.0928370
0.256	2.7747400	1.0992990
0.257	2.7625420	1.1057800
0.258	2.7503450	1.1122800
0.259	2.7381480	1.1188000
0.260	2.7259510	1.1253380
0.261	2.7137530	1.1318950
0.262	2.7016580	1.1384710
0.263	2.6896450	1.1450670
0.264	2.6776320	1.1516810
0.265	2.6657000	1.1583150
0.266	2.6538540	1.1649670
0.267	2.6420080	1.1716390
0.268	2.6301620	1.1783290
0.269	2.6183160	1.1850390
0.270	2.6064700	1.1917680
0.271	2.5946240	1.1985150
0.272	2.5827790	1.2052820
0.273	2.5710950	1.2120680
0.274	2.5594550	1.2188730
0.275	2.5478140	1.2256970
0.276	2.5363130	1.2325400
0.277	2.5248720	1.2394020
0.278	2.5134300	1.2462830
0.279	2.5019890	1.2531830
0.280	2.4905470	1.2601020
0.281	2.4791050	1.2670410
0.282	2.4676640	1.2739980
0.283	2.4562220	1.2809740
0.284	2.4449340	1.2879700
0.285	2.4337070	1.2949840
0.286	2.4224790	1.3020170
0.287	2.4114030	1.3090700
0.288	2.4004180	1.3161420
0.289	2.3894330	1.3232320
0.290	2.3784490	1.3303420
0.291	2.3674640	1.3374710
0.292	2.3564790	1.3446180
0.293	2.3454950	1.3517850
0.294	2.3345100	1.3589710
0.295	2.3235790	1.3661760
0.296	2.3127600	1.3734000
0.297	2.3019420	1.3806430
0.298	2.2911500	1.3879050
0.299	2.2804810	1.3951860
0.300	2.2698120	1.4024860
0.301	2.2591430	1.4098060
0.302	2.2484740	1.4171440
0.303	2.2378050	1.4245010
0.304	2.2271360	1.4318780
0.305	2.2164660	1.4392730
0.306	2.2057970	1.4466870
0.307	2.1952650	1.4541210
0.308	2.1848000	1.4615740
0.309	2.1743350	1.4690450
0.310	2.1639670	1.4765360
0.311	2.1536940	1.4840450
0.312	2.1434210	1.4915740
0.313	2.1331480	1.4991220
0.314	2.1228750	1.5066890
0.315	2.1126020	1.5142750
0.316	2.1023290	1.5218800
0.317	2.0920560	1.5295040
0.318	2.0817830	1.5371470
0.319	2.0716540	1.5448090
0.320	2.0615820	1.5524900
0.321	2.0515090	1.5601900
0.322	2.0415610	1.5679090
0.323	2.0317080	1.5756480
0.324	2.0218550	1.5834050
0.325	2.0120030	1.5911820
0.326	2.0021500	1.5989770
0.327	1.9922970	1.6067910
0.328	1.9824450	1.6146250
0.329	1.9725920	1.6224780
0.330	1.9627400	1.6303490
0.331	1.9529630	1.6382400
0.332	1.9432640	1.6461500
0.333	1.9335650	1.6540780
0.334	1.9239160	1.6620260
0.335	1.9143700	1.6699930
0.336	1.9048250	1.6779790
0.337	1.8952800	1.6859840
0.338	1.8857340	1.6940080
0.339	1.8761890	1.7020510
0.340	1.8666440	1.7101130
0.341	1.8570990	1.7181940
0.342	1.8475530	1.7262950
0.343	1.8380230	1.7344140
0.344	1.8286770	1.7425520
0.345	1.8193320	1.7507100
0.346	1.8099860	1.7588860
0.347	1.8007880	1.7670810
0.348	1.7916100	1.7752960
0.349	1.7824310	1.7835300
0.350	1.7732530	1.7917820
0.351	1.7640740	1.8000540
0.352	1.7548950	1.8083450
0.353	1.7457170	1.8166540
0.354	1.7365380	1.8249830
0.355	1.7273600	1.8333310
0.356	1.7182400	1.8416980
0.357	1.7092070	1.8500840
0.358	1.7001730	1.8584890
0.359	1.6911850	1.8669130
0.360	1.6823270	1.8753560
0.361	1.6734690	1.8838180
0.362	1.6646100	1.8922990
0.363	1.6557520	1.9008000
0.364	1.6468940	1.9093190
0.365	1.6380360	1.9178570
0.366	1.6291780	1.9264150
0.367	1.6203200	1.9349910
0.368	1.6114620	1.9435870
0.369	1.6027070	1.9522010
0.370	1.5940210	1.9608350
0.371	1.5853350	1.9694870
0.372	1.5767230	1.9781590
0.373	1.5682020	1.9868500
0.374	1.5596810	1.9955600
0.375	1.5511600	2.0042880
0.376	1.5426390	2.0130360
0.377	1.5341180	2.0218030
0.378	1.5255970	2.0305890
0.379	1.5170770	2.0393940
0.380	1.5085560	2.0482180
0.381	1.5000350	2.0570610
0.382	1.4916320	2.0659240
0.383	1.4832940	2.0748050
0.384	1.4749560	2.0837050
0.385	1.4667120	2.0926240
0.386	1.4585570	2.1015630
0.387	1.4504010	2.1105200
0.388	1.4422460	2.1194970
0.389	1.4340910	2.1284920
0.390	1.4259360	2.1375070
0.391	1.4177810	2.1465400
0.392	1.4096260	2.1555930
0.393	1.4014710	2.1646650
0.394	1.3933160	2.1737560
0.395	1.3852570	2.1828650
0.396	1.3772740	2.1919940
0.397	1.3692910	2.2011420
0.398	1.3613840	2.2103090
0.399	1.3535680	2.2194950
0.400	1.3457520	2.2287000
0.401	1.3379360	2.2379240
0.402	1.3301200	2.2471670
0.403	1.3223040	2.2564300
0.404	1.3144880	2.2657110
0.405	1.3066720	2.2750110
0.406	1.2988560	2.2843300
0.407	1.2910400	2.2936690
0.408	1.2832740	2.3030260
0.409	1.2755780	2.3124030
0.410	1.2678820	2.3217980
0.411	1.2602330	2.3312130
0.412	1.2526720	2.3406470
0.413	1.2451110	2.3500990
0.414	1.2375490	2.3595710
0.415	1.2299880	2.3690620
0.416	1.2224270	2.3785720
0.417	1.2148660	2.3881010
0.418	1.2073050	2.3976490
0.419	1.1997430	2.4072150
0.420	1.1921820	2.4168020
0.421	1.1846690	2.4264070
0.422	1.1772970	2.4360310
0.423	1.1699260	2.4456740
0.424	1.1625900	2.4553360
0.425	1.1553830	2.4650170
0.426	1.1481750	2.4747180
0.427	1.1409670	2.4844370
0.428	1.1337590	2.4941760
0.429	1.1265520	2.5039330
0.430	1.1193440	2.5137100
0.431	1.1121360	2.5235050
0.432	1.1049290	2.5333200
0.433	1.0977210	2.5431530
0.434	1.0905290	2.5530060
0.435	1.0834690	2.5628780
0.436	1.0764090	2.5727690
0.437	1.0693690	2.5826790
0.438	1.0624730	2.5926080
0.439	1.0555780	2.6025550
0.440	1.0486820	2.6125220
0.441	1.0417860	2.6225090
0.442	1.0348900	2.6325140
0.443	1.0279940	2.6425380
0.444	1.0210980	2.6525810
0.445	1.0142030	2.6626430
0.446	1.0073070	2.6727250
0.447	1.0004140	2.6828250
0.448	0.9936474	2.6929440
0.449	0.9868806	2.7030830
0.450	0.9801258	2.7132400
0.451	0.9734958	2.7234170
0.452	0.9668658	2.7336120
0.453	0.9602358	2.7438270
0.454	0.9536058	2.7540610
0.455	0.9469758	2.7643140
0.456	0.9403458	2.7745850
0.457	0.9337158	2.7848760
0.458	0.9270858	2.7951860
0.459	0.9204558	2.8055150
0.460	0.9138302	2.8158630
0.461	0.9073728	2.8262300
0.462	0.9009154	2.8366160
0.463	0.8944822	2.8470210
0.464	0.8881802	2.8574450
0.465	0.8818782	2.8678890
0.466	0.8755762	2.8783510
0.467	0.8692742	2.8888320
0.468	0.8629722	2.8993330
0.469	0.8566702	2.9098520
0.470	0.8503683	2.9203910
0.471	0.8440663	2.9309480
0.472	0.8377643	2.9415250
0.473	0.8314898	2.9521200
0.474	0.8253317	2.9627350
0.475	0.8191736	2.9733690
0.476	0.8130724	2.9840210
0.477	0.8070643	2.9946930
0.478	0.8010562	3.0053840
0.479	0.7950481	3.0160940
0.480	0.7890400	3.0268230
0.481	0.7830319	3.0375710
0.482	0.7770238	3.0483380
0.483	0.7710157	3.0591240
0.484	0.7650076	3.0699290
0.485	0.7589995	3.0807540
0.486	0.7530703	3.0915970
0.487	0.7472098	3.1024590
0.488	0.7413492	3.1133410
0.489	0.7356126	3.1242410
0.490	0.7299109	3.1351600
0.491	0.7242091	3.1460990
0.492	0.7185074	3.1570560
0.493	0.7128057	3.1680330
0.494	0.7071040	3.1790290
0.495	0.7014023	3.1900430
0.496	0.6957005	3.2010770
0.497	0.6899988	3.2121300
0.498	0.6843087	3.2232020
0.499	0.6787325	3.2342930
0.500	0.6731564	3.2454030
0.501	0.6676275	3.2565320
0.502	0.6621637	3.2676800
0.503	0.6566999	3.2788470
0.504	0.6512361	3.2900330
0.505	0.6457723	3.3012380
0.506	0.6403086	3.3124620
0.507	0.6348448	3.3237060
0.508	0.6293810	3.3349680
0.509	0.6239172	3.3462490
0.510	0.6184534	3.3575500
0.511	0.6131236	3.3688690
0.512	0.6078175	3.3802080
0.513	0.6025488	3.3915650
0.514	0.5973956	3.4029420
0.515	0.5922424	3.4143380
0.516	0.5870892	3.4257520
0.517	0.5819360	3.4371860
0.518	0.5767829	3.4486390
0.519	0.5716297	3.4601110
0.520	0.5664765	3.4716020
0.521	0.5613233	3.4831120
0.522	0.5561701	3.4946410
0.523	0.5511411	3.5061890
0.524	0.5461272	3.5177560
0.525	0.5411661	3.5293420
0.526	0.5363066	3.5409470
0.527	0.5314471	3.5525720
0.528	0.5265876	3.5642150
0.529	0.5217280	3.5758770
0.530	0.5168685	3.5875590
0.531	0.5120090	3.5992590
0.532	0.5071495	3.6109790
0.533	0.5022900	3.6227170
0.534	0.4974597	3.6344750
0.535	0.4927423	3.6462520
0.536	0.4880249	3.6580470
0.537	0.4834083	3.6698620
0.538	0.4788281	3.6816960
0.539	0.4742479	3.6935490
0.540	0.4696677	3.7054210
0.541	0.4650875	3.7173120
0.542	0.4605073	3.7292220
0.543	0.4559271	3.7411510
0.544	0.4513470	3.7530990
0.545	0.4467668	3.7650660
0.546	0.4423026	3.7770520
0.547	0.4378664	3.7890570
0.548	0.4334889	3.8010820
0.549	0.4291977	3.8131250
0.550	0.4249065	3.8251870
0.551	0.4206153	3.8372690
0.552	0.4163240	3.8493690
0.553	0.4120328	3.8614890
0.554	0.4077416	3.8736270
0.555	0.4034504	3.8857850
0.556	0.3991592	3.8979620
0.557	0.3949657	3.9101570
0.558	0.3908127	3.9223720
0.559	0.3867113	3.9346060
0.560	0.3826942	3.9468590
0.561	0.3786771	3.9591310
0.562	0.3746600	3.9714220
0.563	0.3706430	3.9837320
0.564	0.3666259	3.9960610
0.565	0.3626088	4.0084090
0.566	0.3585917	4.0207760
0.567	0.3545746	4.0331620
0.568	0.3506755	4.0455680
0.569	0.3467885	4.0579920
0.570	0.3429863	4.0704350
0.571	0.3392309	4.0828980
0.572	0.3354756	4.0953790
0.573	0.3317203	4.1078800
0.574	0.3279650	4.1203990
0.575	0.3242097	4.1329380
0.576	0.3204543	4.1454960
0.577	0.3166990	4.1580720
0.578	0.3129979	4.1706680
0.579	0.3093824	4.1832830
0.580	0.3057934	4.1959170
0.581	0.3023165	4.2085700
0.582	0.2988396	4.2212420
0.583	0.2953627	4.2339330
0.584	0.2918858	4.2466430
0.585	0.2884090	4.2593720
0.586	0.2849321	4.2721200
0.587	0.2814552	4.2848870
0.588	0.2779995	4.2976730
0.589	0.2746456	4.3104790
0.590	0.2712962	4.3233030
0.591	0.2680672	4.3361460
0.592	0.2648383	4.3490090
0.593	0.2616093	4.3618900
0.594	0.2583804	4.3747910
0.595	0.2551514	4.3877100
0.596	0.2519224	4.4006490
0.597	0.2486935	4.4136070
0.598	0.2454948	4.4265840
0.599	0.2423996	4.4395790
0.600	0.2393254	4.4525940
0.601	0.2363672	4.4656280
0.602	0.2334089	4.4786810
0.603	0.2304506	4.4917530
0.604	0.2274923	4.5048440
0.605	0.2245341	4.5179540
0.606	0.2215758	4.5310830
0.607	0.2186175	4.5442310
0.608	0.2157236	4.5573990
0.609	0.2128780	4.5705850
0.610	0.2100901	4.5837900
0.611	0.2073469	4.5970150
0.612	0.2046037	4.6102580
0.613	0.2018604	4.6235200
0.614	0.1991172	4.6368020
0.615	0.1963740	4.6501030
0.616	0.1936307	4.6634220
0.617	0.1909052	4.6767610
0.618	0.1882740	4.6901180
0.619	0.1856645	4.7034950
0.620	0.1831452	4.7168910
0.621	0.1806258	4.7303060
0.622	0.1781065	4.7437400
0.623	0.1755872	4.7571930
0.624	0.1730679	4.7706650
0.625	0.1705486	4.7841560
0.626	0.1680292	4.7976660
0.627	0.1656219	4.8111950
0.628	0.1632242	4.8247430
0.629	0.1609472	4.8383110
0.630	0.1586701	4.8518970
0.631	0.1563930	4.8655020
0.632	0.1541160	4.8791270
0.633	0.1518389	4.8927700
0.634	0.1495618	4.9064330
0.635	0.1472911	4.9201140
0.636	0.1451099	4.9338150
0.637	0.1429464	4.9475340
0.638	0.1408490	4.9612730
0.639	0.1387515	4.9750310
0.640	0.1366541	4.9888080
0.641	0.1345567	5.0026030
0.642	0.1324593	5.0164180
0.643	0.1303619	5.0302520
0.644	0.1282999	5.0441050
0.645	0.1263042	5.0579770
0.646	0.1243600	5.0718680
0.647	0.1224601	5.0857780
0.648	0.1205601	5.0997080
0.649	0.1186602	5.1136560
0.650	0.1167602	5.1276230
0.651	0.1148603	5.1416090
0.652	0.1129604	5.1556150
0.653	0.1111408	5.1696390
0.654	0.1093429	5.1836830
0.655	0.1076467	5.1977450
0.656	0.1059505	5.2118270
0.657	0.1042543	5.2259270
0.658	0.1025582	5.2400470
0.659	0.1008620	5.2541860
0.660	0.0991658	5.2683440
0.661	0.0975127	5.2825200
0.662	0.0958922	5.2967160
0.663	0.0943310	5.3109310
0.664	0.0927810	5.3251650
0.665	0.0912309	5.3394180
0.666	0.0896808	5.3536900
0.667	0.0881307	5.3679810
0.668	0.0865806	5.3822920
0.669	0.0850704	5.3966210
0.670	0.0836089	5.4109690
0.671	0.0822053	5.4253360
0.672	0.0808187	5.4397230
0.673	0.0794321	5.4541280
0.674	0.0780455	5.4685530
0.675	0.0766589	5.4829960
0.676	0.0752723	5.4974590
0.677	0.0739168	5.5119400
0.678	0.0725883	5.5264410
0.679	0.0713242	5.5409610
0.680	0.0700696	5.5554990
0.681	0.0688149	5.5700570
0.682	0.0675602	5.5846340
0.683	0.0663056	5.5992300
0.684	0.0650509	5.6138450
0.685	0.0638487	5.6284790
0.686	0.0626725	5.6431320
0.687	0.0615513	5.6578040
0.688	0.0604301	5.6724950
0.689	0.0593089	5.6872050
0.690	0.0581876	5.7019340
0.691	0.0570664	5.7166830
0.692	0.0559548	5.7314500
0.693	0.0548987	5.7462360
0.694	0.0538801	5.7610420
0.695	0.0528902	5.7758660
0.696	0.0519003	5.7907100
0.697	0.0509104	5.8055720
0.698	0.0499205	5.8204540
0.699	0.0489306	5.8353550
0.700	0.0479818	5.8502740
0.701	0.0470596	5.8652130
0.702	0.0461859	5.8801710
0.703	0.0453123	5.8951480
0.704	0.0444386	5.9101440
0.705	0.0435650	5.9251590
0.706	0.0426913	5.9401930
0.707	0.0418330	5.9552460
0.708	0.0409971	5.9703180
0.709	0.0401970	5.9854090
0.710	0.0394011	6.0005190
0.711	0.0386053	6.0156490
0.712	0.0378095	6.0307970
0.713	0.0370136	6.0459640
0.714	0.0362297	6.0611510
0.715	0.0354885	6.0763560
0.716	0.0347826	6.0915810
0.717	0.0340890	6.1068240
0.718	0.0333954	6.1220870
0.719	0.0327018	6.1373680
0.720	0.0320082	6.1526690
0.721	0.0313216	6.1679890
0.722	0.0306655	6.1833280
0.723	0.0300416	6.1986860
0.724	0.0294299	6.2140620
0.725	0.0288182	6.2294580
0.726	0.0282065	6.2448730
0.727	0.0275947	6.2603070
0.728	0.0269915	6.2757610
0.729	0.0264108	6.2912330
0.730	0.0258561	6.3067240
0.731	0.0253062	6.3222340
0.732	0.0247563	6.3377630
0.733	0.0242064	6.3533120
0.734	0.0236566	6.3688790
0.735	0.0231243	6.3844660
0.736	0.0226149	6.4000710
0.737	0.0221372	6.4156960
0.738	0.0216594	6.4313390
0.739	0.0211817	6.4470020
0.740	0.0207039	6.4626830
0.741	0.0202261	6.4783840
0.742	0.0197694	6.4941040
0.743	0.0193309	6.5098430
0.744	0.0189108	6.5256010
0.745	0.0184906	6.5413780
0.746	0.0180705	6.5571740
0.747	0.0176504	6.5729890
0.748	0.0172353	6.5888230
0.749	0.0168405	6.6046760
0.750	0.0164680	6.6205480
0.751	0.0160994	6.6364390
0.752	0.0157307	6.6523490
0.753	0.0153621	6.6682790
0.754	0.0149935	6.6842270
0.755	0.0146404	6.7001940
0.756	0.0143005	6.7161810
0.757	0.0139716	6.7321860
0.758	0.0136426	6.7482110
0.759	0.0133137	6.7642550
0.760	0.0129847	6.7803170
0.761	0.0126630	6.7963990
0.762	0.0123560	6.8125000
0.763	0.0120696	6.8286200
0.764	0.0117832	6.8447580
0.765	0.0114967	6.8609160
0.766	0.0112103	6.8770930
0.767	0.0109249	6.8932890
0.768	0.0106558	6.9095040
0.769	0.0104020	6.9257380
0.770	0.0101527	6.9419920
0.771	0.0099033	6.9582640
0.772	0.0096540	6.9745550
0.773	0.0094047	6.9908650
0.774	0.0091694	7.0071950
0.775	0.0089457	7.0235430
0.776	0.0087280	7.0399100
0.777	0.0085103	7.0562970
0.778	0.0082926	7.0727020
0.779	0.0080749	7.0891270
0.780	0.0078679	7.1055710
0.781	0.0076716	7.1220330
0.782	0.0074819	7.1385150
0.783	0.0072923	7.1550160
0.784	0.0071026	7.1715360
0.785	0.0069129	7.1880750
0.786	0.0067325	7.2046320
0.787	0.0065619	7.2212090
0.788	0.0063970	7.2378050
0.789	0.0062322	7.2544210
0.790	0.0060673	7.2710550
0.791	0.0059024	7.2877080
0.792	0.0057459	7.3043800
0.793	0.0055976	7.3210710
0.794	0.0054533	7.3377820
0.795	0.0053090	7.3545110
0.796	0.0051646	7.3712590
0.797	0.0050203	7.3880270
0.798	0.0048855	7.4048130
0.799	0.0047588	7.4216190
0.800	0.0046342	7.4384440
0.801	0.0045096	7.4552870
0.802	0.0043850	7.4721500
0.803	0.0042619	7.4890320
0.804	0.0041455	7.5059330
0.805	0.0040369	7.5228520
0.806	0.0039283	7.5397910
0.807	0.0038197	7.5567490
0.808	0.0037111	7.5737260
0.809	0.0036062	7.5907220
0.810	0.0035078	7.6077370
0.811	0.0034143	7.6247720
0.812	0.0033209	7.6418250
0.813	0.0032275	7.6588970
0.814	0.0031340	7.6759880
0.815	0.0030459	7.6930990
0.816	0.0029627	7.7102280
0.817	0.0028811	7.7273760
0.818	0.0027994	7.7445440
0.819	0.0027177	7.7617300
0.820	0.0026376	7.7789360
0.821	0.0025623	7.7961610
0.822	0.0024912	7.8134040
0.823	0.0024201	7.8306670
0.824	0.0023491	7.8479490
0.825	0.0022780	7.8652500
0.826	0.0022109	7.8825700
0.827	0.0021487	7.8999090
0.828	0.0020878	7.9172670
0.829	0.0020270	7.9346440
0.830	0.0019662	7.9520400
0.831	0.0019070	7.9694550
0.832	0.0018515	7.9868890
0.833	0.0017984	8.0043420
0.834	0.0017452	8.0218140
0.835	0.0016921	8.0393060
0.836	0.0016391	8.0568160
0.837	0.0015897	8.0743460
0.838	0.0015437	8.0918940
0.839	0.0014978	8.1094620
0.840	0.0014519	8.1270480
0.841	0.0014060	8.1446540
0.842	0.0013625	8.1622780
0.843	0.0013224	8.1799220
0.844	0.0012835	8.1975850
0.845	0.0012445	8.2152670
0.846	0.0012055	8.2329680
0.847	0.0011679	8.2506870
0.848	0.0011326	8.2684260
0.849	0.0010985	8.2861840
0.850	0.0010644	8.3039610
0.851	0.0010303	8.3217580
0.852	0.0009971	8.3395730
0.853	0.0009664	8.3574070
0.854	0.0009372	8.3752600
0.855	0.0009080	8.3931330
0.856	0.0008788	8.4110240
0.857	0.0008500	8.4289340
0.858	0.0008229	8.4468640
0.859	0.0007975	8.4648120
0.860	0.0007720	8.4827800
0.861	0.0007465	8.5007660
0.862	0.0007214	8.5187720
0.863	0.0006981	8.5367970
0.864	0.0006763	8.5548400
0.865	0.0006545	8.5729030
0.866	0.0006327	8.5909850
0.867	0.0006111	8.6090860
0.868	0.0005912	8.6272060
0.869	0.0005726	8.6453450
0.870	0.0005540	8.6635030
0.871	0.0005354	8.6816800
0.872	0.0005171	8.6998760
0.873	0.0005004	8.7180910
0.874	0.0004847	8.7363250
0.875	0.0004689	8.7545790
0.876	0.0004532	8.7728510
0.877	0.0004378	8.7911420
0.878	0.0004233	8.8094530
0.879	0.0004093	8.8277820
0.880	0.0003953	8.8461310
0.881	0.0003813	8.8644980
0.882	0.0003679	8.8828850
0.883	0.0003557	8.9012910
0.884	0.0003440	8.9197150
0.885	0.0003323	8.9381590
0.886	0.0003206	8.9566220
0.887	0.0003094	8.9751040
0.888	0.0002992	8.9936050
0.889	0.0002892	9.0121250
0.890	0.0002792	9.0306640
0.891	0.0002692	9.0492220
0.892	0.0002598	9.0677990
0.893	0.0002510	9.0863950
0.894	0.0002422	9.1050100
0.895	0.0002334	9.1236450
0.896	0.0002248	9.1422980
0.897	0.0002170	9.1609700
0.898	0.0002096	9.1796620
0.899	0.0002022	9.1983720
0.900	0.0001949	9.2171020
0.901	0.0001878	9.2358500
0.902	0.0001813	9.2546180
0.903	0.0001750	9.2734040
0.904	0.0001687	9.2922100
0.905	0.0001624	9.3110350
0.906	0.0001566	9.3298790
0.907	0.0001512	9.3487410
0.908	0.0001458	9.3676230
0.909	0.0001404	9.3865240
0.910	0.0001351	9.4054440
0.911	0.0001303	9.4243830
0.912	0.0001256	9.4433410
0.913	0.0001209	9.4623190
0.914	0.0001162	9.4813150
0.915	0.0001119	9.5003300
0.916	0.0001079	9.5193640
0.917	0.0001039	9.5384180
0.918	0.0000999	9.5574900
0.919	0.0000961	9.5765810
0.920	0.0000926	9.5956920
0.921	0.0000891	9.6148210
0.922	0.0000857	9.6339700
0.923	0.0000824	9.6531380
0.924	0.0000793	9.6723240
0.925	0.0000764	9.6915300
0.926	0.0000735	9.7107550
0.927	0.0000707	9.7299990
0.928	0.0000679	9.7492610
0.929	0.0000655	9.7685430
0.930	0.0000630	9.7878440
0.931	0.0000605	9.8071640
0.932	0.0000581	9.8265030
0.933	0.0000559	9.8458620
0.934	0.0000538	9.8652390
0.935	0.0000517	9.8846350
0.936	0.0000496	9.9040500
0.937	0.0000477	9.9234840
0.938	0.0000459	9.9429380
0.939	0.0000441	9.9624100
0.940	0.0000423	9.9819020
0.941	0.0000406	10.0014100
0.942	0.0000391	10.0209400
0.943	0.0000376	10.0404900
0.944	0.0000360	10.0600600
0.945	0.0000346	10.0796400
0.946	0.0000332	10.0992500
0.947	0.0000319	10.1188800
0.948	0.0000306	10.1385200
0.949	0.0000293	10.1581800
0.950	0.0000282	10.1778600
0.951	0.0000271	10.1975600
0.952	0.0000260	10.2172800
0.953	0.0000249	10.2370200
0.954	0.0000239	10.2567800
0.955	0.0000229	10.2765600
0.956	0.0000220	10.2963600
0.957	0.0000211	10.3161700
0.958	0.0000202	10.3360100
0.959	0.0000194	10.3558600
0.960	0.0000186	10.3757300
0.961	0.0000178	10.3956200
0.962	0.0000171	10.4155300
0.963	0.0000164	10.4354600
0.964	0.0000157	10.4554100
0.965	0.0000150	10.4753800
0.966	0.0000144	10.4953700
0.967	0.0000138	10.5153700
0.968	0.0000132	10.5354000
0.969	0.0000126	10.5554400
0.970	0.0000121	10.5755000
0.971	0.0000116	10.5955900
0.972	0.0000111	10.6156900
0.973	0.0000106	10.6358100
0.974	0.0000102	10.6559500
0.975	0.0000097	10.6761000
0.976	0.0000093	10.6962800
0.977	0.0000089	10.7164800
0.978	0.0000085	10.7366900
0.979	0.0000082	10.7569300
0.980	0.0000078	10.7771800
0.981	0.0000075	10.7974500
0.982	0.0000072	10.8177400
0.983	0.0000070	10.8380500
0.984	0.0000068	10.8583800
0.985	0.0000065	10.8787300
0.986	0.0000062	10.8991000
0.987	0.0000058	10.9194900
0.988	0.0000055	10.9398900
0.989	0.0000052	10.9603200
0.990	0.0000050	10.9807600
0.991	0.0000048	11.0012200
0.992	0.0000045	11.0217100
0.993	0.0000043	11.0422100
0.994	0.0000042	11.0627300
0.995	0.0000040	11.0832700
0.996	0.0000038	11.1038300
0.997	0.0000036	11.1244000
0.998	0.0000035	11.1450000
0.999	0.0000033	11.1656100
1.000	0.0000031	11.1862500
